proj:       99
zone:       0
north:      4589199.61228695
south:      1583173.63905564
east:       2505021.79493904
west:       -2505021.49377981
cols:       10000
rows:       6000
e-w resol:  501.00432887
n-s resol:  501.00432887
top:        1.000000000000000
bottom:     0.000000000000000
cols3:      10000
rows3:      6000
depths:     1
e-w resol3: 501.00432887
n-s resol3: 501.00432887
t-b resol:  1
